P2: 709.418 0.000000000000e+00 419.265 0.000000000000e+00 0.000000000000e+00 709.418 337.783 0.000000000000e+00 0.000000000000e+00 0.000000000000e+00 1.000000000000e+00 0.000000000000e+00